<?xml version="1.0"?>
<opencv_storage>

    <ptz_camera_x>0</ptz_camera_x>
    <ptz_camera_y>0</ptz_camera_y>
    <ptz_camera_z>0</ptz_camera_z>
    <barrel_ptz_offset_y>0</barrel_ptz_offset_y>

    <z_scale>1</z_scale>

    <Camera_Matrix type_id="opencv-matrix">
        <rows>3</rows>
        <cols>3</cols>
        <dt>d</dt>
        <data>
            349.3205128684667
            0.
            323.4253897381431
            0.
            348.6082437259896
            166.3092848121969
            0.
            0.
            1.
        </data>
    </Camera_Matrix>
    <Distortion_Coefficients type_id="opencv-matrix">
        <rows>5</rows>
        <cols>1</cols>
        <dt>d</dt>
        <data>
            0.01780113321598811
            0.08682684485175952
            -0.006875025952709378
            -0.006090104755864794
            -0.1798402689596715
        </data>
    </Distortion_Coefficients>
</opencv_storage>

