每幅图像的标定误差：
第1幅图像的平均误差：0.123069像素
第2幅图像的平均误差：0.122407像素
第3幅图像的平均误差：0.125036像素
第4幅图像的平均误差：0.116652像素
第5幅图像的平均误差：0.109053像素
第6幅图像的平均误差：0.107232像素
第7幅图像的平均误差：0.141071像素
第8幅图像的平均误差：0.132802像素
第9幅图像的平均误差：0.108685像素
第10幅图像的平均误差：0.0913025像素
第11幅图像的平均误差：0.144828像素
总体平均误差：0.120194像素

相机内参数矩阵：
[349.3205128684667, 0, 323.4253897381431;
 0, 348.6082437259896, 166.3092848121969;
 0, 0, 1]

畸变系数：
[0.01780113321598811, 0.08682684485175952, -0.006875025952709378, -0.006090104755864794, -0.1798402689596715]


第1幅图像的旋转向量：
[-11.68711337030531;
 -23.45805084022104;
 90.48421263290197]
第1幅图像的旋转矩阵：
[0.02859290426518923, 0.9949553649501317, -0.09615751443663952;
 0.9979474534817956, -0.02289913686561096, 0.05980392645980828;
 0.05730031339252777, -0.09767011460913105, -0.9935679256081877]
第1幅图像的平移向量：
[-11.68711337030531;
 -23.45805084022104;
 90.48421263290197]

第2幅图像的旋转向量：
[-9.362593882043447;
 -20.00402963972584;
 79.30745213549524]
第2幅图像的旋转矩阵：
[0.007131971990529729, 0.9987177686412149, -0.05011939321100711;
 0.9952993699350464, -0.002248772362521412, 0.09681997329973541;
 0.09658312058753446, -0.05057431782213972, -0.9940392040530389]
第2幅图像的平移向量：
[-9.362593882043447;
 -20.00402963972584;
 79.30745213549524]

第3幅图像的旋转向量：
[-8.893416404249802;
 -22.68822354497259;
 85.42505078215386]
第3幅图像的旋转矩阵：
[-0.01151343697461482, 0.9994225862144189, -0.03196771705196447;
 0.9955038661145837, 0.008450613748531288, -0.09434320154727904;
 -0.09401857965290128, -0.03291020042108573, -0.9950263440674799]
第3幅图像的平移向量：
[-8.893416404249802;
 -22.68822354497259;
 85.42505078215386]

第4幅图像的旋转向量：
[25.62336127767756;
 -14.7759831586293;
 101.4277946932853]
第4幅图像的旋转矩阵：
[0.2566412525954134, 0.6706473865676572, -0.6959650496657347;
 0.9620355764205253, -0.1080730023412805, 0.2506147957846246;
 0.09285912538617136, -0.7338612328328245, -0.6729226358041482]
第4幅图像的平移向量：
[25.62336127767756;
 -14.7759831586293;
 101.4277946932853]

第5幅图像的旋转向量：
[-31.18831296084704;
 -21.04820877492303;
 104.4612892935347]
第5幅图像的旋转矩阵：
[0.04474173413626659, 0.963305252445411, -0.2646529195712046;
 0.9837692150919394, 0.003595759612422866, 0.1794023465571146;
 0.1737708510190044, -0.2683841670514349, -0.9475091715715677]
第5幅图像的平移向量：
[-31.18831296084704;
 -21.04820877492303;
 104.4612892935347]

第6幅图像的旋转向量：
[-41.42547461602943;
 -22.23554508483493;
 96.10477809365294]
第6幅图像的旋转矩阵：
[-0.05465539141178288, 0.9979547160052514, -0.03315377795219203;
 0.9810296760816365, 0.05985407804499598, 0.1843861816637667;
 0.185993448370594, -0.02244714111556412, -0.9822945398499134]
第6幅图像的平移向量：
[-41.42547461602943;
 -22.23554508483493;
 96.10477809365294]

第7幅图像的旋转向量：
[11.5388394052395;
 -16.86385952832763;
 115.1611115190641]
第7幅图像的旋转矩阵：
[0.2453548404733586, 0.7715043670115266, -0.5870110850217709;
 0.8942732479276655, 0.05364993167961585, 0.4442938699460942;
 0.374267765506458, -0.6339579611558771, -0.6767724456491166]
第7幅图像的平移向量：
[11.5388394052395;
 -16.86385952832763;
 115.1611115190641]

第8幅图像的旋转向量：
[1.207565035744491;
 -24.31666439387736;
 98.1039278815263]
第8幅图像的旋转矩阵：
[0.07131078597585638, 0.9843787444411365, 0.1609759587516026;
 0.94396890561925, -0.01446456476077296, -0.3297172752378578;
 -0.3222382302389049, 0.1754686976607893, -0.93025440558684]
第8幅图像的平移向量：
[1.207565035744491;
 -24.31666439387736;
 98.1039278815263]

第9幅图像的旋转向量：
[12.03875336636744;
 -24.09010011390972;
 97.10366486014763]
第9幅图像的旋转矩阵：
[0.1517419781399895, 0.9496071635045454, 0.2742637546067931;
 0.9532588167040582, -0.06724634219685954, -0.2945769132792357;
 -0.2612891127585355, 0.3061440257166469, -0.9154254940036696]
第9幅图像的平移向量：
[12.03875336636744;
 -24.09010011390972;
 97.10366486014763]

第10幅图像的旋转向量：
[27.03964995125762;
 -22.82800890689105;
 93.5387063602128]
第10幅图像的旋转矩阵：
[0.1107119374601877, 0.9670838594504454, 0.2291106189032761;
 0.9934436999632017, -0.101074053019407, -0.05341957328221388;
 -0.02850406825762047, 0.2335226854005001, -0.971933471743876]
第10幅图像的平移向量：
[27.03964995125762;
 -22.82800890689105;
 93.5387063602128]

第11幅图像的旋转向量：
[-0.04875302895552219;
 -19.80681678790991;
 94.61591736544248]
第11幅图像的旋转矩阵：
[-0.140550463107358, 0.9892159037493846, 0.041200280212582;
 0.9480016623543488, 0.1224595848640472, 0.2937626563202275;
 0.2855493223485185, 0.08034641152044827, -0.954990072546353]
第11幅图像的平移向量：
[-0.04875302895552219;
 -19.80681678790991;
 94.61591736544248]


